100
1534550

 454241

3216522

5675825

6555626

 226745

2743611

8192053

7243161

8767775

3478425

8263164

7338702

8249526

1379892

4993549

5507770

8177505

5351777

 438694

4901950

4335419

1798772

8734741

5863400

 416956

5986791

1034195

7770743

1264861

8967424

 305293

1719101

3183946

5981117

8274727

3410690

8724728

7466780

1653851

8492503

1945204

 917015

6831204

1194730

2296906

2824752

6702499

1474411

8176528

7141193

6376361

3511947

8939964

6111101

 375346

 356920

3097891

1409541

8127663

4362752

1376964

8432955

6081853

4560909

5414072

5356579

7971599

5138799

3823359

 625450

4631301

5768562

1542464

2462505

6963292

3839370

5287256

4665790

5313780

4463784

2806983

2690140

7975730

2746947

8801241

8351075

3103866

2899132

 760616

2231529

7261883

2137580

1664484

4343736

6698488

7078556

 700315

5670087

3217354

4523673

6295536

7848655

1292235

7838000

1311159

8255526

2677369

6598415

3921315

7991148

2062198

6728298

1681287

1037928

 475244

1482528

 389003

3579110

4381659

1149618

5810638

2643541

3287197

7475122

6987277

 985685

5553677

7687591

6655771

8771031

3211263

3951307

7619686

4503498

2789307

8930845

3759023

5466675

6529259

7680338

4457823

8591457

5408635

6139110

 629384

5883879

7621637

1018386

 462988

3003295

2168004

6273626

5646836

5455200

4748747

3634112

6440884

1302423

2321702

4096655

1073454

5532965

8047962

8693139

1036462

1837268

8623983

4795485

7303942

6153242

3475822

2761764

5744698

8884457

8900873

6374082

5768335

7522509

7392468

6231322

1525804

 560471

3504947

7172639

6015670

8253694

1806750

3456554

 556116

4128451

7553208

1629570

 661416

6601170

1322708

1697878

8438437

 946691

6493362

6742379

7099932

 969183

 504142

3844630

 853640

 405015

1218711

6621974

7927524

8611179

3853296

 453327

 171649

7358242

7625965

6187319

6611936

 432715

 643872

7168052

4561166

8197080

8797621

5222581

5798249

1120328

6920458

5236686

2067018

4413819

2979064

 166950

5383002

3483206

4011579

6236641

3888220

5230290

3858614

2815744

4841468

7711909

3269070

5013117

6070151

1895035

2200435

3682086

2327749

2844307

1850137

6888914

2041387

1647757

3111495

7839636

2768085

1031952

4076321

4835103

5445771

7055384

5002052

1828772

1538589

  13630

8065412

5426809

5243920

2924026

8242552

1085388

1635935

2511622

6098504

7706085

4406657

8298939

2388171

6734405

2143245

4238307

4623319

4184632

5886064

7734813

3024267

8654148

8766765

7100588

4489250

5212535

5155972

 491302

7041307

6694561

 504931

6106718

3121369

5748851

  30744

2363921

6834238

1666678

4875543

3932741

 372763

 282199

3231680

2760933

7016604

5374925

6999240

2639923

 559556

3885303

1374736

3583823

3539451

1141500

1684410

8028701

6354035

6840381

8520002

4395341

4534941

  24933

1502059

7656310

5773783

1532802

1020230

3608021

3199479

5895773

7540761

3572241

6177971

1772441

6333173

4194575

7147365

4332413

6834497

7706920

8217715

8209232

2290742

2757166

 350732

3975151

1785867

6704766

1815532

1305869

2100107

6350472

1330802

3602165

5006782

7104585

5134966

6027012

1712605

8334445

2922784

 253366

2906685

 100754

2025806

 239858

4295328

 173170

4572271

2129825

7880089

3789986

1339056

1170831

6547151

1689788

5145981

8333018

8394553

6961513

 638886

1494659

4311985

1969687

5096824

 318766

  74271

1231789

6345777

1786875

 566233

 268560

2040241

3472918

 369314

4066046

3712776

4664642

4239215

8285046

6794466

3119304

3075031

8133522

4290134

 622182

 823309

 436115

8955199

 217862

7397627

 594085

1712520

2709611

2563772

6809343

3028376

2638042

8041132

 374152

4424917

8607365

 642712

6465157

3080283

1012025

1531203

6793058

5676666

5770417

6078104

3471131

8889720

 153135

2604652

4179853

 775317

3427961

4615968

 730516

3645822

3013594

1324601

5358341

5723205

3888372

3167684

8751580

6526414

2208816

 125732

1951330

1816180

 768444

8416487

4896462

1780468

 947689

2689520

7457133

6718106

8767624

1928264

6607826

8920759

4532916

1787678

 696075

7960876

6403646

1426591

2606697

 417239

2751191

7965038

6140444

6639562

2132722

5892024

4165976

4341537

6017756

6117306

6157717

6786199

5533792

2054178

8566666

6481481

4743698

7023799

4199587

4511321

